44,127
44,126
44,125
44,124
44,123
44,122
44,121
44,120
44,119
44,118
44,117
44,116
44,115
44,114
44,113
44,112
44,111
44,110
44,109
44,108
44,107
44,106
44,105
44,37
44,36
44,35
44,34
44,33
44,32
44,31
44,30
44,29
44,28
44,27
44,26
44,25
44,24
44,104
44,103
44,102
44,101
44,100
44,99
44,98
44,97
44,96
44,95
44,94
44,93
44,92
44,91
44,90
44,89
44,2
44,23
44,22
44,21
44,20
44,19
44,18
44,17
44,16
44,15
44,14
44,13
44,12
44,11
44,10
44,9
46,7
44,0
36,5
40,4
42,7
42,4
57,35
10,165
10,201
10,255
10,208
10,125
10,68
10,173
10,178
11,13
11,20
11,25
11,9
11,5
11,2
11,3
8,8
8,13
8,7
8,5
46,9
46,8
46,5
46,3
46,1
45,4
45,3
45,1
44,88
44,87
44,86
44,85
44,84
44,83
44,82
44,81
44,80
44,79
44,78
44,77
44,76
44,75
44,74
44,73
44,72
44,71
44,70
44,69
44,68
44,67
44,66
44,65
44,64
13,3
44,8
